3513 3206
3789 2531
3855 3263
3519 3108
3970 3381
3893 3052
3811 2571
3866 3258
3662 2775
3710 2646
3949 2916
3874 2592
3545 2750
3986 2627
3842 3228
3504 2561
3583 2505
3719 3469
3968 3422
3932 2523
3597 2778
3883 3439
3578 3226
3803 2886
3667 2528
3934 3267
3924 2933
3691 3187
3910 3223
3670 2741
3995 3102
3959 3192
3758 3222
3579 3181
3958 2645
3944 3423
3854 3236
3591 3173
3801 3344
3732 2604
3868 2603
3734 3370
3553 2577
3637 2776
3927 2607
3966 3400
3681 2797
3536 3467
3701 2816
3644 3327
3570 2978
3736 2961
3885 3442
3823 2907
3947 2969
3982 3000
3988 3390
3847 3493
3872 2973
3699 2643
3711 2568
3647 3016
3617 3145
3906 3451
3984 3018
3856 3155
3761 2931
3540 3111
3733 3200
3639 2657
3773 3291
3533 2842
3911 3484
3800 2719
3584 2862
3552 3112
3665 3070
3555 3264
3626 2908
3642 3138
3941 2545
3770 2722
3613 2962
3661 2894
3524 2596
3977 2673
3908 2847
3677 3247
3878 3360
3612 2917
3700 3701
3760 2641
3785 3434
3532 3087
3549 2524
3867 2798
3636 3205
3518 3140
3697 3043
3964 2740
3730 3182
3954 3366
3503 2613
3663 3362
3899 3481
3709 3064
3900 2964
3638 3313
3943 3355
3718 2532
3585 2820
3755 3383
3844 2891
3861 3428
3560 3357
3989 3073
3753 2888
3531 3154
3826 2614
3873 3234
3566 3498
3972 3137
3790 2874
3894 3069
3756 2681
3922 3003
3812 2590
3921 3265
3967 2989
3702 3288
3551 2536
3574 3071
3516 3440
3704 2715
3915 3037
3511 2600
3889 2770
3971 3273
7200 3601
3798 2897
3895 3456
3622 2841
3592 3180
3562 2813
3890 3279
3739 2569
3692 2678
3568 3253
3713 3305
3999 3289
3875 2732
3973 2927
3693 2811
3848 3027
3510 2618
3586 2555
3643 3365
3920 2711
3777 3463
3913 2994
3650 2788
3976 1989
3996 2742
3623 2937
3925 3077
3576 2709
3864 3292
3698 2630
3969 3245
3596 2720
3896 3161
3614 3314
3610 2550
3687 2635
3641 3308
3843 3230
3509 3413
3930 3034
3505 2762
3832 2733
3782 2703
3648 2661
3834 3326
3945 2642
3747 3024
3917 2901
3762 3235
3559 3122
3607 3148
3635 3429
3884 2683
3580 3159
3577 3454
3836 3048
3748 2669
3700 3700
3655 2772
3634 2533
3902 2790
3618 3336
3771 2913
3840 2509
3737 2958
3857 2586
3810 2501
3933 2864
3892 2993
3606 2737
3601 3217
3743 2838
3776 3277
3658 3282
3898 3334
3957 2771
3550 2511
3797 3114
3931 3022
3978 3185
3870 3406
3640 3028
3564 3184
3525 2521
3660 2929
3827 2748
3653 2581
3935 2757
3602 3309
3991 3098
3916 3382
3942 2584
3527 3479
3976 3345
3744 3316
3675 2759
3619 2831
3546 2805
3779 3146
3846 2975
3664 2515
3802 3341
3745 3499
3741 3401
3804 2587
3628 2674
3819 3485
3557 3398
3807 3135
3538 2941
3869 3033
3838 3194
3534 2716
3880 2658
3700 3166
3651 2960
3742 3058
3817 2549
3824 2783
3686 2784
3865 2779
3542 2624
3666 3013
3887 3331
3582 3424
7202 3602
3750 2660
3841 3380
3668 2574
3720 2932
3594 2872
3837 3471
3588 3131
3595 2890
3877 3227
3672 3438
3625 2591
3515 3293
3919 3219
3712 3036
3805 2566
3816 2721
3671 2695
10 10
3763 3020
3608 2834
3886 2617
3695 2598
3544 3106
3716 2510
3674 3495
3548 3167
3828 3035
3563 2535
3979 2665
3696 3452
3652 2892
3772 2944
3980 2636
3835 2724
3793 2947
3620 2672
3529 3091
3717 2814
3825 2856
3616 3405
3923 2553
3603 3046
3680 2763
3535 2546
3726 3359
3786 3385
3522 2882
3994 2589
3794 3090
3605 3214
3731 2915
3929 3203
3796 2924
3749 3275
3703 3218
3688 3162
3683 2671
3728 2974
3690 3347
3512 3208
3888 3025
3960 3044
3547 3372
3682 2786
3657 2871
3953 3301
3955 3005
3891 3017
3629 3290
3561 2792
3514 3477
3936 3151
3520 3130
3831 2731
3909 3175
3907 2919
3528 3323
3754 3415
3678 2867
3684 2985
3669 3242
3918 3186
3558 3270
3621 2928
3645 3101
3951 3337
3937 3123
3956 3414
3881 3054
3722 2984
3946 3202
3611 2883
3939 3251
3904 2595
3587 3092
3974 2768
3952 3104
3792 2803
3751 3391
3630 3399
3554 3191
3541 3116
3646 2712
3571 3483
3780 3396
3508 2934
3507 2662
3573 3474
3600 3060
3859 2655
3990 2881
3860 3297
3530 3103
3839 3470
3799 3176
3708 3067
3815 3053
3609 2980
3961 3059
3787 3348
3705 3110
3723 2739
3506 3375
3757 3250
3581 2632
3572 2822
3738 2633
3850 3445
3565 2851
3808 2758
3821 3171
3593 3272
3615 3333
3863 2807
3845 3472
3882 2751
3556 3431
3673 2909
3912 2794
3727 2539
3517 3352
3775 2593
3543 3141
3575 3117
3948 3312
3764 2702
3721 2663
3502 2852
3679 2734
3724 2990
3833 3169
3590 2930
3950 2795
3791 3489
3700 3702
3689 3368
3822 2594
3769 3374
3987 3286
3905 2912
3624 2819
3985 2699
3735 2557
3501 3011
3752 2900
3997 2976
3901 3448
3876 3332
3853 2893
3928 3248
3788 3014
3729 2573
3746 2800
3725 2527
3676 2766
3715 2638
3851 2869
7198 3600
3521 3150
3765 2685
3998 2623
3654 2992
3806 3107
3940 2634
3707 2747
3766 2853
3627 3063
3767 2576
3820 3367
3938 3008
3694 2601
3539 3204
3963 3342
3871 3178
3589 3007
3599 3100
3604 3040
3633 3281
3992 2914
3983 2664
3879 3465
3965 2736
3830 2746
3526 2649
3818 3072
3649 2508
3759 2868
3685 2791
3567 3412
3768 3464
3814 2514
3631 3430
3774 2988
3632 2517
3862 2968
3962 3486
3656 2982
3829 2597
3795 3118
3926 3197
3659 3304
3809 2948
3778 2637
3740 3491
3706 3330
3858 3082
3897 2686
3537 2563
3849 3449
3598 2773
3993 3476
4000 2904
3914 2552
3784 2789
3523 2861
3903 3231
3569 2639
3975 3500
