9355
1396
4699
4716
1985
1200
4442
2638
6611
9987
4427
3646
6485
2827
7306
8251
7964
4336
2110
5466
5548
6990
5575
3300
3975
4179
3578
1587
1110
9291
1322
2358
2916
1033
1585
2772
1055
2640
1047
4081
1990
6614
6379
7847
6235
4880
6511
3725
4313
7279
2429
7419
1315
7316
2749
5911
7585
6596
9286
7440
5502
5923
5673
7472
7222
3262
5883
9634
2167
5832
3721
1910
3060
9845
2104
8165
3026
4033
1482
1833
9626
3786
5608
9094
4709
3205
2661
5176
8366
2203
7067
5306
9687
8399
6774
2564
7389
4114
8326
7502
1011
4667
1678
9490
4572
5838
7824
1827
3744
8304
4075
4545
8817
1086
2523
2791
3577
9559
2845
9011
1575
2030
2668
8732
2902
8013
6169
8795
7605
6364
4508
3281
5529
5483
4068
4907
5431
1655
8373
3197
4883
9873
6239
1429
1274
9567
2164
3869
9248
9247
1387
5578
4081
7876
5682
7282
8504
4832
8801
1935
5437
6059
6559
1499
1320
6456
4625
1842
8655
2604
5083
3766
7891
4784
7410
5098
9917
5411
5202
4775
3802
8639
1029
3696
8139
1351
5046
1065
3501
4227
5051
8899
5440
6144
3384
3070
6933
6815
7805
5074
