27750037
27727521
27694346
27784590
27079654
27101669
27317278
27413518
27454776
27286529
27077090
27839825
27026597
27087550
27197347
27813723
27233033
27245780
27114519
27500711
27873663
27681518
27225570
27209927
27356967
27089452
27686572
27047504
27777397
27061483
27275466
27895138
27299176
27039366
27033464
27327112
27176365
27556118
27837129
27427529
27505027
27227479
27964384
27398665
27871096
27709563
27516243
27612619
27478440
27903180
27343092
27278059
27514252
27895717
27285978
27181520
27042358
27771209
27560875
27581721
27408597
27885649
27342407
27292702
27861080
27852016
27257118
27744868
27001810
27382214
27025560
27467694
27523954
27366431
27661319
27196280
27430432
27107894
27674681
27417526
27701825
27537311
27743733
27566273
27105250
27347034
27237696
27772775
27899114
27449167
27652415
27140408
27526948
27033691
27792435
27346556
27672952
27370101
27517094
27585364
27393400
27041154
27476032
27517813
27127630
27829757
27641827
27378281
27944186
27799202
27746625
27309017
27881246
27079391
27308715
27733080
27125324
27369651
27042323
27765277
27192802
27337581
27097355
27387947
27228384
27001841
27992622
27204711
27523130
27712425
27978387
27092423
27868223
27046644
27503080
27789565
27351334
27124495
27693893
27937767
27526182
27580143
27964749
27316510
27923021
27629711
27954312
27523802
27533514
27056644
27883290
27865849
27517347
27543463
27938283
27420272
27647428
27553451
27199147
27414080
27145278
27951366
27337291
27333828
27549217
27349067
27124754
27006014
27226141
27375535
27797277
27191346
27902102
27904176
27408198
27388873
27451394
27203569
27449747
27915889
27832195
27512977
27167366
27588803
27709371
27511614
27283879
27638318
27097158
27795285
27947648
27030123
27583917
27520796
27625645
27873493
27527151
27979790
27702737
27119058
27852617
27181305
27514094
27248882
27255265
27037284
27565833
27297908
27749693
27451939
27352218
27090195
27006316
27889652
27957944
27041701
27240632
27080029
27202956
27303772
27789230
27584242
27531882
27008652
27693746
27302447
27168749
27605700
27196936
27513337
27236909
27758354
27967606
27236943
27672920
27293859
27768745
27335437
27930557
27515499
27634071
27867088
27240507
27425386
27703586
27528184
27864468
27123530
27285232
27692423
27801745
27218313
27426294
27888211
27527492
27994526
27444985
27192219
27887721
27705389
27607055
27183829
27001144
27003823
27533673
27330618
27740415
27834397
27237234
27342353
27726056
27519758
27830760
27121766
27549051
27289175
27247858
27414628
27955423
27819121
27409572
27824986
27981924
27566245
27227391
27815235
27923099
27551251
27020809
27575208
27337072
27183435
27668659
27117155
27239095
27702637
27418141
27707322
27727155
27244739
27560490
27320147
27688035
27922217
27422506
27100898
27803682
27343181
27489587
27410134
27280867
27750797
27874078
27860930
27119156
27296176
27408245
27271082
27325718
27689552
27593802
27439766
27763279
27809873
27932945
27200223
27209882
27368612
27007211
27872763
27184978
27604001
27324940
27192093
27035555
27943451
27205107
27152513
27746183
27118589
27670411
27838864
27045500
27564197
27536956
27129847
27617233
27992002
27299364
27177896
27898813
27992716
27067443
27098976
27370274
27194373
27985191
27971388
27394168
27767156
27537880
27141053
27603211
27894013
27659549
27823132
27042043
27201881
27313542
27712114
27433426
27321862
27416247
27022596
27352346
27554379
27902164
27761333
27952671
27505293
27630216
27166353
27054568
27770787
27852117
27778506
27040522
27251068
27220891
27351764
27315947
27965257
27812272
27699179
27217506
27134666
27852341
27788813
27278177
27673878
27766184
27409197
27182865
27099449
27367727
27792315
27235548
27258222
27500353
27708274
27725732
27004017
27652453
27457236
27969684
27771331
27318099
27587565
27019638
27741089
27715513
27872284
27731382
27950152
27898122
27809477
27553002
27125506
27427789
27388473
27377884
27434433
27813732
27059025
27102071
27291077
27127478
27577263
27267692
27316856
27776372
27175457
27325608
27973708
27703191
27502888
27124973
27363953
27518640
27856418
27943858
27559020
27886770
27920107
27865865
27127024
27630817
27569411
27243581
27427070
27656627
27919779
27460931
27912690
27823245
27993027
27112165
27697937
27046682
27900034
27999738
27713066
27668851
27450604
27275659
27494503
27470277
27888017
27674045
27844875
27129227
27947633
27059001
27851472
27063550
27130858
27935406
27359691
27060109
27024250
27038336
27322666
27757592
27766747
27609646
27871490
27959416
27461661
27193434
27028498
