1265
1340
1246
1444
1598
1475
1406
1982
1756
1851
1050
1036
1449
1238
1837
1637
1877
1790
1770
1823
1431
1909
1131
1019
1862
1166
1825
1602
1406
1740
1060
1985
1354
1392
1570
1701
1421
1094
1882
1678
1307
1893
1751
1495
1375
1000
1250
1120
1601
1384
1869
1123
1659
1099
1121
1223
1695
1961
1588
1436
1168
1472
1822
1565
1567
1959
1127
1902
1055
1182
1720
1444
1696
1486
1585
1645
1454
1154
1531
1575
1256
1466
1629
1981
1316
1115
1160
1934
1603
1999
1074
1277
1281
1252
1449
1874
1480
1516
1862
1273
