120324
188807
172181
138423
126427
185518
173731
167384
190249
122622
166142
116495
132827
158267
156405
125348
139613
190709
175472
116706
160932
101164
151942
111068
181784
146650
181265
115132
155095
178091
175995
100695
171710
124449
105787
113320
192708
141551
130517
122545
193781
154360
154302
123707
142431
130327
188312
151149
169914
151265
126018
186632
103672
108250
164570
157794
163242
151424
149233
143089
199366
198009
170394
167695
150890
162489
167701
106962
176622
183786
139763
124867
125667
135397
157677
180200
163216
173038
185798
101520
199887
178817
108709
186801
143868
102467
109710
125153
165082
118266
170703
184279
181674
114721
151007
112735
136204
183796
116596
196363
