56 72 30 73
38 52 78 20
70 49 33 88
43 53 31 42
48 38 22 78
44 82 36 65
70 32 90 22
21 44 41 90
30 95 67 63
56 62 92 60
13 50 93 26
57 23 27 85
89 37 57 53
53 64 27 32
28 13 85 15
14 33 32 79
58 77 34 65
96 56 63 18
81 53 79 94
26 10 23 55
84 62 30 55
28 17 74 42
12 61 98 88
37 10 98 67
33 87 71 24
18 88 36 67
24 71 17 60
88 50 11 74
23 99 59 40
82 61 36 86
54 14 87 40
16 63 23 56
86 29 32 55
77 30 20 42
72 38 66 89
96 78 46 26
93 19 49 19
81 65 43 59
19 51 54 48
37 41 89 28
91 76 42 48
12 65 85 29
37 73 10 58
83 75 71 23
51 51 81 89
98 69 70 64
75 41 99 84
37 24 47 51
15 21 35 50
44 64 43 35
84 91 80 61
29 25 95 21
85 66 72 77
98 45 17 76
57 93 31 94
94 18 67 62
38 48 45 68
14 45 27 86
39 66 39 11
29 15 81 41
52 13 97 68
60 29 80 69
34 44 26 87
62 26 73 93
21 82 63 47
16 20 80 75
66 24 42 97
87 52 13 70
22 11 39 18
73 83 16 95
16 54 74 97
94 36 80 22
16 68 69 19
11 99 64 24
30 33 13 54
61 60 15 25
46 49 83 92
91 45 77 41
59 27 12 11
39 43 17 27
19 31 76 15
91 12 22 25
32 49 95 90
82 44 25 96
40 46 90 75
28 58 50 74
20 28 14 79
40 31 17 96
43 84 38 34
33 83 39 86
34 68 46 35
34 57 52 72
45 35 21 40
71 18 58 97
20 47 92 69
12 59 92 31
14 36 35 46
55 25 10 47
99 78 76 79
