1001 1001 1000 1003
4333 1001 1009 1000
1005 1000 1000 1002
1007 1004 1008 1000
1002 1005 2143 1004
1001 1004 1008 1006
1000 1001 1002 1002
1001 1008 6010 8765
1001 1003 1002 1000
1009 4632 1008 5897
1000 1001 1009 1005
1001 1002 1003 1004
1000 1005 1004 1007
1002 1000 1000 1003
1007 1000 1007 1003
1005 1008 1009 1005
1006 1008 1006 1007
1005 4306 5044 8766
1001 1001 1006 1003
1005 1004 1008 1004
1009 1007 1002 1006
1002 9149 1001 1008
1002 1003 1000 1008
1001 1002 3805 1008
1005 7572 1007 1006
1006 1007 1001 1000
1001 1002 1004 1001
1009 1000 1007 1009
7635 1005 3292 1005
1000 1002 1006 1003
1003 1009 1003 1005
1003 1000 1005 1000
6463 1001 1007 1000
1006 1002 1007 1003
1001 1007 1004 1004
1008 1002 1003 1004
1005 3626 1002 1007
1004 1007 1006 1001
9315 1005 1008 5503
1002 1004 1001 1002
1007 1005 1003 1002
1003 1006 1000 9365
1005 1007 1004 1006
1007 1002 1001 1004
1000 1001 1001 1009
1009 1002 1005 1009
1004 1003 3947 1009
1003 1003 1004 1004
1008 1009 1003 1004
1006 1004 1003 1004
